# Created by Octave 6.2.0, Sat Aug 21 13:59:32 2021 GMT <unknown@LAPTOP-025JCBMA>
# name: summary
# type: matrix
# rows: 182
# columns: 1
 0
 1
 1
 1
 0
 0
 1
 1
 1
 1
 0
 1
 0
 0
 1
 1
 1
 0
 0
 1
 1
 0
 1
 0
 0
 0
 0
 0
 0
 1
 1
 0
 1
 1
 1
 1
 0
 0
 0
 0
 1
 0
 0
 1
 1
 1
 1
 0
 0
 0
 0
 1
 0
 0
 0
 1
 1
 1
 1
 1
 0
 1
 0
 0
 1
 0
 0
 0
 0
 0
 1
 1
 0
 0
 1
 0
 1
 0
 1
 1
 1
 1
 0
 0
 0
 1
 1
 0
 1
 0
 0
 0
 0
 0
 1
 1
 1
 0
 0
 0
 0
 0
 1
 1
 1
 1
 1
 0
 0
 0
 1
 0
 1
 1
 1
 0
 0
 0
 0
 1
 0
 0
 0
 1
 0
 1
 0
 0
 0
 0
 1
 1
 1
 0
 1
 1
 1
 0
 1
 1
 0
 1
 0
 0
 0
 1
 0
 1
 0
 0
 1
 0
 0
 0
 0
 1
 1
 0
 0
 1
 1
 0
 0
 0
 0
 1
 0
 0
 1
 1
 0
 0
 0
 0
 1
 0
 0
 0
 0
 1
 0
 0


